1485180733, 002
1485180744, 002
1485180754, 002
1485180764, 001
1485180774, 001
1485180785, 001
1485180795, 001
1485180805, 001
1485180816, 002
1485180826, 000
1485180836, 002
1485180847, 001
1485180857, 001
1485180867, 001
1485180877, 005
1485180888, 001
1485180898, 001
1485180908, 002
1485180919, 002
1485180929, 169
1485180939, 177
1485180950, 156
1485180960, 002
1485180970, 192
1485180980, 001
1485180991, 186
1485181001, 191
1485181011, 002
1485181022, 188
1485181032, 001
1485181042, 168
1485181053, 182
1485181063, 001
1485181073, 208
1485181083, 207
1485181094, 191
1485181104, 002
1485181114, 174
1485181125, 002
1485181135, 196
1485181145, 205
1485181156, 001
1485181166, 179
1485181176, 003
1485181186, 187
1485181197, 196
1485181207, 001
1485181217, 195
1485181238, 170
1485181248, 002
1485181259, 203
1485181269, 003
1485181279, 209
1485181289, 179
1485181300, 002
1485181310, 182
1485181320, 002
1485181331, 197
1485181341, 167
1485181351, 002
1485181362, 192
1485181372, 180
1485181382, 180
1485181392, 003
1485181403, 180
1485181413, 260
1485181423, 275
1485181434, 263
1485181444, 278
1485181454, 302
1485181465, 244
1485181475, 261
1485181485, 297
1485181495, 244
1485181506, 244
1485181516, 301
1485181526, 319
1485181537, 273
1485181547, 251
1485181557, 265
1485181568, 305
1485181578, 275
1485181588, 259
1485181598, 264
1485181609, 244
1485181619, 240
1485181629, 266
1485181640, 262
1485181650, 248
1485181660, 255
1485181671, 311
1485181681, 309
1485181691, 268
1485181701, 266
1485181712, 263
1485181722, 233
1485181732, 241
1485181743, 292
1485181753, 274
1485181763, 240
1485181774, 256
1485181784, 291
1485181794, 294
1485181804, 273
1485181815, 261
1485181825, 265
1485181835, 235
1485181846, 238
1485181856, 296
1485181866, 254
1485181877, 312
1485181887, 242
1485181897, 293
1485181907, 261
1485181918, 241
1485181928, 262
1485181938, 252
1485181949, 283
1485181959, 242
1485181969, 264
1485181980, 303
1485181990, 261
1485182000, 274
1485182010, 298
1485182021, 257
1485182031, 263
1485182041, 239
1485182052, 297
1485182062, 262
1485182072, 276
1485182083, 236
1485182093, 292
1485182103, 266
1485182113, 241
1485182124, 298
1485182134, 303
1485182144, 251
1485182155, 233
1485182165, 262
1485182175, 256
1485182186, 231
1485182196, 269
1485182206, 264
1485182216, 261
1485182227, 267
1485182237, 241
1485182247, 266
1485182258, 271
1485182268, 269
1485182278, 295
1485182288, 263
1485182299, 242
1485182309, 239
1485182319, 286
1485182330, 260
1485182340, 259
1485182350, 234
1485182361, 261
1485182371, 275
1485182381, 272
1485182391, 291
1485182402, 271
1485182412, 255
1485182422, 242
1485182433, 295
1485182443, 301
1485182453, 240
1485182464, 261
1485182474, 275
1485182484, 263
1485182494, 275
1485182505, 240
1485182515, 306
1485182525, 258
1485182536, 272
1485182546, 240
1485182556, 293
1485182567, 270
1485182577, 236
1485182587, 254
1485182597, 302
1485182608, 286
1485182618, 269
1485182628, 297
1485182639, 262
1485182649, 002
1485182659, 002
1485182670, 187
1485182680, 180
1485182690, 000
1485182700, 170
1485182711, 185
1485182721, 181
1485182731, 002
1485182742, 170
1485182752, 166
1485182762, 003
1485182773, 001
1485182783, 176
1485182793, 183
1485182803, 001
1485182814, 002
1485182824, 178
1485182834, 189
1485182845, 002
1485182855, 174
1485182865, 174
1485182876, 002
1485182886, 002
1485182896, 177
1485182906, 168
1485182917, 126
1485182927, 002
1485182937, 188
1485182948, 187
1485182958, 003
1485182968, 002
1485182978, 176
1485182989, 146
1485182999, 001
1485183009, 190
1485183020, 179
1485183030, 205
1485183040, 002
1485183051, 164
1485183061, 166
1485183071, 001
1485183081, 002
1485183092, 169
1485183102, 002
1485183112, 001
1485183123, 170
1485183133, 175
1485183143, 179
1485183154, 003
1485183164, 181
1485183174, 169
1485183184, 002
1485183195, 002
1485183205, 189
1485183215, 074
1485183226, 001
1485183236, 191
1485183246, 167
1485183257, 177
1485183267, 002
1485183277, 170
1485183287, 185
1485183298, 001
1485183308, 002
1485183318, 184
1485183329, 186
1485183339, 001
1485183349, 001
1485183359, 184
1485183370, 188
1485183380, 002
1485183401, 172
1485183411, 002
1485183421, 002
1485183432, 183
1485183442, 188
1485183452, 160
1485183462, 002
1485183473, 188
1485183483, 172
1485183493, 002
1485183504, 001
1485183514, 159
1485183524, 174
1485183535, 003
1485183545, 016
1485183555, 158
1485183576, 014
1485183586, 150
1485183596, 152
1485183607, 132
1485183617, 149
1485183627, 014
1485183638, 125
1485183648, 140
1485183658, 129
1485183668, 129
1485183679, 014
1485183689, 124
1485183699, 155
1485183710, 108
1485183720, 117
1485183730, 129
1485183740, 114
1485183751, 130
1485183761, 119
1485183771, 129
1485183782, 131
1485183792, 138
1485183802, 121
1485183813, 132
1485183823, 130
1485183833, 136
1485183843, 143
1485183854, 144
1485183864, 146
1485183874, 135
1485183885, 002
1485183895, 002
1485183905, 002
1485183916, 160
1485183926, 149
1485183936, 002
1485183946, 000
1485183957, 163
1485183967, 143
1485183977, 001
1485183988, 159
1485183998, 175
1485184008, 175
1485184018, 002
1485184029, 167
1485184039, 182
1485184049, 002
1485184060, 003
1485184070, 164
1485184080, 188
1485184091, 001
1485184101, 169
1485184111, 180
1485184121, 154
1485184132, 003
1485184152, 180
1485184163, 002
1485184173, 001
1485184183, 169
1485184194, 185
1485184204, 002
1485184214, 174
1485184224, 173
1485184235, 163
1485184245, 002
1485184255, 176
1485184266, 158
1485184276, 014
1485184286, 014
1485184296, 159
1485184307, 132
1485184317, 015
1485184327, 153
1485184338, 115
1485184348, 131
1485184358, 151
1485184369, 128
1485184379, 118
1485184389, 149
1485184399, 097
1485184410, 106
1485184420, 147
1485184430, 124
1485184441, 121
1485184451, 120
1485184461, 112
1485184472, 131
1485184482, 116
1485184492, 122
1485184502, 117
1485184513, 114
1485184523, 133
1485184533, 141
1485184544, 132
1485184554, 142
1485184564, 153
1485184575, 143
1485184585, 133
1485184595, 145
1485184605, 003
1485184616, 001
1485184626, 002
1485184636, 152
1485184647, 149
1485184657, 002
1485184667, 150
1485184678, 166
1485184688, 002
1485184698, 000
1485184708, 181
1485184719, 161
1485184729, 002
1485184739, 003
1485184750, 183
1485184760, 158
1485184770, 001
1485184780, 174
1485184791, 174
1485184801, 002
1485184811, 002
1485184822, 166
1485184832, 180
1485184842, 003
1485184853, 001
1485184863, 166
1485184873, 168
1485184883, 002
1485184894, 177
1485184904, 178
1485184914, 012
1485184925, 013
1485184935, 157
1485184945, 138
1485184956, 167
1485184966, 109
1485184976, 111
1485184986, 120
1485184997, 121
1485185007, 147
1485185017, 125
1485185028, 117
1485185038, 118
1485185048, 117
1485185059, 125
1485185069, 129
1485185079, 143
1485185089, 148
1485185100, 154
1485185110, 133
1485185120, 137
1485185131, 135
1485185141, 002
1485185151, 004
1485185161, 001
1485185172, 002
1485185182, 003
1485185192, 150
1485185203, 002
1485185213, 002
1485185223, 143
1485185234, 104
1485185244, 001
1485185254, 160
1485185264, 162
1485185275, 161
1485185285, 001
1485185295, 183
1485185306, 185
1485185316, 002
1485185326, 002
1485185337, 170
1485185347, 166
1485185357, 001
1485185367, 002
1485185378, 186
1485185388, 172
1485185398, 001
1485185409, 158
1485185419, 178
1485185429, 002
1485185440, 002
1485185450, 166
1485185460, 180
1485185470, 001
1485185481, 012
1485185491, 154
1485185501, 154
1485185512, 012
1485185522, 169
1485185532, 156
1485185543, 154
1485185553, 114
1485185563, 115
1485185573, 142
1485185584, 101
1485185594, 099
1485185604, 164
1485185615, 117
1485185625, 117
1485185635, 121
1485185645, 129
1485185656, 129
1485185666, 123
1485185676, 120
1485185687, 124
1485185697, 135
1485185707, 125
1485185718, 129
1485185728, 118
1485185738, 014
1485185748, 012
1485185759, 134
1485185769, 122
1485185779, 117
1485185790, 128
1485185800, 117
1485185810, 127
1485185821, 115
1485185831, 128
1485185841, 123
1485185851, 126
1485185862, 139
1485185872, 139
1485185882, 132
1485185893, 135
1485185903, 153
1485185913, 149
1485185924, 145
1485185934, 133
1485185944, 134
1485185954, 015
1485185965, 015
1485185975, 014
1485185985, 014
1485185996, 131
1485186006, 014
1485186016, 155
1485186027, 013
1485186037, 132
1485186047, 013
1485186057, 003
1485186068, 001
1485186078, 002
1485186088, 001
1485186099, 001
1485186109, 001
1485186119, 000
1485186129, 002
1485186140, 002
1485186150, 002
1485186160, 002
1485186171, 002
1485186181, 001
1485186191, 002
1485186202, 002
1485186212, 001
1485186222, 001
1485186232, 002
1485186243, 001
1485186253, 000
1485186263, 001
1485186274, 002
1485186284, 000
1485186294, 001
1485186305, 002
1485186315, 001
1485186325, 000
1485186335, 001
1485186346, 001
1485186356, 002
1485186366, 002
1485186377, 002
1485186387, 002
1485186397, 002
1485186408, 002
1485186418, 001
1485186428, 001
1485186438, 001
1485186449, 002
1485186459, 001
1485186469, 002
1485186480, 002
1485186490, 001
1485186500, 000
1485186510, 001
1485186521, 002
1485186531, 001
1485186541, 001
1485186552, 001
1485186562, 003
1485186572, 001
1485186583, 001
1485186593, 001
1485186603, 001
1485186613, 002
1485186624, 002
1485186634, 001
1485186644, 001
1485186655, 002
1485186665, 001
1485186675, 002
1485186686, 003
1485186696, 001
1485186706, 002
1485186716, 002
1485186727, 001
1485186737, 003
1485186747, 001
1485186758, 001
1485186768, 002
1485186778, 001
1485186789, 002
1485186799, 002
1485186809, 001
1485186819, 002
1485186830, 001
1485186840, 002
1485186850, 003
1485186861, 003
1485186871, 002
1485186881, 002
1485186891, 001
1485186902, 002
1485186912, 002
1485186922, 001
1485186933, 001
1485186943, 002
1485186953, 001
1485186964, 001
1485186974, 001
1485186984, 002
1485186994, 001
1485187005, 001
1485187015, 002
1485187025, 000
1485187036, 000
1485187046, 001
1485187056, 001
1485187067, 002
1485187077, 001
1485187087, 001
1485187097, 000
1485187108, 001
1485187118, 001
1485187128, 002
1485187139, 002
1485187149, 001
1485187159, 001
1485187169, 001
1485187180, 001
1485187190, 001
1485187200, 001
1485187211, 000
1485187221, 001
1485187231, 001
1485187242, 001
1485187252, 002
1485187262, 002
1485187272, 001
1485187283, 000
1485187293, 001
1485187303, 001
