1486044294, 001
1486044305, 003
1486044315, 000
1486044325, 055
1486044335, 005
1486044346, 002
1486044356, 002
1486044366, 006
1486044377, 169
1486044387, 166
1486044397, 178
1486044408, 002
1486044418, 180
1486044428, 002
1486044438, 190
1486044449, 172
1486044459, 004
1486044469, 193
1486044480, 003
1486044490, 172
1486044500, 187
1486044511, 003
1486044521, 178
1486044531, 138
1486044541, 171
1486044552, 006
1486044562, 171
1486044572, 005
1486044583, 174
1486044593, 185
1486044603, 004
1486044613, 192
1486044624, 001
1486044634, 183
1486044644, 175
1486044655, 001
1486044665, 175
1486044675, 005
1486044686, 170
1486044696, 189
1486044706, 144
1486044716, 005
1486044727, 192
1486044737, 169
1486044747, 002
1486044758, 183
1486044768, 002
1486044778, 182
1486044789, 190
1486044799, 005
1486044809, 193
1486044819, 002
1486044830, 168
1486044840, 178
1486044850, 177
1486044861, 004
1486044871, 188
1486044881, 247
1486044892, 297
1486044902, 275
1486044912, 261
1486044922, 236
1486044933, 319
1486044943, 242
1486044953, 310
1486044964, 272
1486044974, 288
1486044984, 278
1486044995, 305
1486045005, 274
1486045015, 317
1486045025, 242
1486045036, 317
1486045046, 241
1486045056, 273
1486045067, 278
1486045077, 307
1486045087, 245
1486045098, 313
1486045108, 239
1486045118, 309
1486045128, 245
1486045139, 266
1486045149, 243
1486045159, 243
1486045170, 269
1486045180, 244
1486045190, 236
1486045201, 255
1486045211, 259
1486045221, 255
1486045231, 245
1486045242, 269
1486045252, 238
1486045262, 274
1486045273, 248
1486045283, 238
1486045293, 290
1486045303, 274
1486045314, 240
1486045324, 273
1486045334, 324
1486045345, 240
1486045355, 248
1486045365, 244
1486045376, 269
1486045386, 241
1486045396, 264
1486045406, 271
1486045417, 261
1486045427, 249
1486045437, 263
1486045448, 242
1486045458, 301
1486045468, 236
1486045479, 264
1486045489, 237
1486045499, 273
1486045509, 242
1486045520, 269
1486045530, 240
1486045540, 270
1486045551, 277
1486045561, 307
1486045571, 268
1486045582, 261
1486045592, 240
1486045602, 310
1486045612, 270
1486045623, 311
1486045633, 235
1486045643, 277
1486045654, 236
1486045664, 312
1486045674, 276
1486045685, 244
1486045695, 268
1486045705, 237
1486045715, 281
1486045726, 237
1486045736, 265
1486045746, 273
1486045757, 241
1486045767, 235
1486045777, 267
1486045788, 277
1486045798, 266
1486045808, 274
1486045818, 234
1486045829, 013
1486045839, 016
1486045849, 016
1486045860, 150
1486045870, 013
1486045880, 018
1486045891, 015
1486045901, 137
1486045911, 127
1486045921, 124
1486045932, 128
1486045942, 121
1486045952, 126
1486045963, 136
1486045973, 125
1486045983, 122
1486045993, 126
1486046004, 121
1486046014, 135
1486046024, 125
1486046035, 015
1486046045, 016
1486046055, 014
1486046066, 003
1486046076, 003
1486046086, 004
1486046096, 174
1486046107, 005
1486046117, 167
1486046127, 155
1486046138, 007
1486046148, 169
1486046158, 167
1486046169, 180
1486046179, 002
1486046189, 169
1486046199, 003
1486046210, 181
1486046220, 167
1486046230, 168
1486046241, 004
1486046251, 007
1486046261, 157
1486046272, 003
1486046282, 004
1486046292, 179
1486046302, 173
1486046313, 134
1486046323, 004
1486046333, 169
1486046344, 179
1486046354, 154
1486046364, 174
1486046375, 004
1486046385, 182
1486046395, 003
1486046405, 178
1486046416, 162
1486046426, 004
1486046436, 181
1486046447, 006
1486046457, 183
1486046467, 180
1486046477, 003
1486046488, 163
1486046498, 004
1486046508, 164
1486046519, 005
1486046529, 002
1486046539, 005
1486046550, 177
1486046560, 168
1486046570, 003
1486046580, 296
1486046591, 260
1486046601, 269
1486046611, 261
1486046622, 236
1486046632, 298
1486046642, 253
1486046653, 262
1486046663, 303
1486046673, 243
1486046683, 264
1486046694, 256
1486046704, 301
1486046714, 262
1486046725, 245
1486046735, 298
1486046745, 288
1486046756, 262
1486046766, 307
1486046776, 238
1486046786, 292
1486046797, 265
1486046807, 261
1486046817, 299
1486046828, 245
1486046838, 260
1486046848, 296
1486046859, 260
1486046869, 305
1486046879, 240
1486046889, 302
1486046900, 265
1486046910, 295
1486046920, 257
1486046931, 276
1486046941, 296
1486046951, 265
1486046961, 289
1486046972, 258
1486046982, 274
1486046992, 264
1486047003, 304
1486047013, 261
1486047023, 310
1486047034, 239
1486047044, 248
1486047054, 290
1486047064, 252
1486047075, 286
1486047085, 237
1486047095, 295
1486047106, 258
1486047116, 257
1486047126, 301
1486047137, 273
1486047147, 267
1486047157, 237
1486047167, 261
1486047178, 283
1486047188, 269
1486047198, 254
1486047209, 234
1486047219, 259
1486047229, 251
1486047240, 267
1486047250, 284
1486047260, 287
1486047270, 288
1486047281, 283
1486047291, 235
1486047301, 266
1486047312, 270
1486047322, 250
1486047332, 253
1486047343, 232
1486047353, 260
1486047363, 263
1486047373, 278
1486047384, 297
1486047394, 239
1486047404, 258
1486047415, 252
1486047425, 292
1486047435, 296
1486047446, 267
1486047456, 262
1486047466, 251
1486047476, 253
1486047487, 258
1486047497, 233
1486047507, 295
1486047518, 280
1486047528, 249
1486047538, 261
1486047549, 239
1486047559, 247
1486047569, 243
1486047579, 248
1486047590, 246
1486047600, 238
1486047610, 254
1486047621, 246
1486047631, 298
1486047641, 291
1486047651, 278
1486047662, 244
1486047672, 239
1486047682, 253
1486047693, 254
1486047703, 267
1486047713, 265
1486047724, 231
1486047734, 249
1486047744, 255
1486047754, 267
1486047765, 289
1486047775, 261
1486047785, 294
1486047796, 296
1486047806, 273
1486047816, 258
1486047827, 240
1486047837, 286
1486047847, 249
1486047857, 241
1486047868, 160
1486047878, 007
1486047888, 156
1486047899, 155
1486047909, 001
1486047919, 163
1486047930, 003
1486047940, 157
1486047950, 164
1486047960, 002
1486047971, 176
1486047981, 002
1486047991, 157
1486048002, 160
1486048012, 003
1486048022, 172
1486048033, 002
1486048043, 172
1486048053, 162
1486048063, 003
1486048074, 158
1486048084, 003
1486048094, 157
1486048105, 160
1486048115, 004
1486048125, 158
1486048136, 001
1486048146, 154
1486048156, 153
1486048166, 002
1486048177, 163
1486048187, 002
1486048197, 160
1486048208, 159
1486048218, 002
1486048228, 158
1486048238, 001
1486048259, 177
1486048269, 002
1486048280, 163
1486048290, 006
1486048300, 172
1486048311, 159
1486048321, 004
1486048331, 164
1486048341, 002
1486048352, 158
1486048362, 151
1486048372, 002
1486048383, 168
1486048393, 169
1486048403, 156
1486048414, 161
1486048424, 001
1486048434, 170
1486048444, 003
1486048455, 157
1486048465, 167
1486048475, 001
1486048486, 162
1486048496, 003
1486048506, 158
1486048517, 003
1486048527, 159
1486048537, 000
1486048547, 152
1486048558, 158
1486048568, 003
1486048578, 156
1486048589, 003
1486048599, 156
1486048609, 002
1486048620, 156
1486048630, 162
1486048640, 173
1486048650, 154
1486048661, 007
1486048671, 172
1486048681, 003
1486048692, 154
1486048702, 152
1486048712, 002
1486048723, 167
1486048733, 002
1486048743, 153
1486048753, 002
1486048764, 168
1486048774, 003
1486048784, 162
1486048795, 167
1486048805, 003
1486048815, 174
1486048825, 002
1486048836, 171
1486048846, 001
1486048856, 171
1486048867, 160
1486048877, 169
1486048887, 157
1486048898, 002
1486048908, 157
1486048918, 003
1486048928, 154
1486048939, 169
1486048949, 006
1486048959, 159
1486048970, 003
1486048980, 161
1486048990, 003
1486049011, 006
1486049021, 167
1486049031, 158
1486049042, 006
1486049052, 155
1486049062, 003
1486049073, 167
1486049083, 001
1486049093, 146
1486049104, 170
1486049114, 003
1486049124, 168
1486049134, 004
1486049145, 174
1486049155, 001
1486049165, 162
1486049176, 164
1486049186, 004
1486049196, 157
1486049207, 002
1486049217, 155
1486049227, 001
1486049237, 171
1486049248, 002
1486049258, 167
1486049268, 162
1486049279, 002
1486049289, 162
1486049299, 003
1486049320, 001
1486049330, 175
1486049340, 158
1486049351, 166
1486049361, 158
1486049371, 003
1486049382, 156
1486049392, 003
1486049402, 159
1486049413, 019
1486049423, 154
1486049433, 151
1486049443, 004
1486049454, 169
1486049464, 005
1486049474, 175
1486049485, 003
1486049495, 158
1486049505, 163
1486049515, 004
1486049526, 159
1486049536, 002
1486049546, 166
1486049557, 002
1486049567, 170
1486049577, 159
1486049588, 177
1486049598, 169
1486049608, 002
1486049618, 172
1486049629, 002
1486049639, 155
1486049649, 179
1486049660, 143
1486049670, 175
1486049680, 002
1486049691, 166
1486049701, 004
1486049711, 174
1486049721, 003
1486049732, 173
1486049742, 178
1486049752, 002
1486049763, 170
1486049773, 018
1486049783, 152
1486049794, 018
1486049804, 163
1486049814, 153
1486049824, 133
1486049835, 133
1486049845, 161
1486049855, 120
1486049866, 124
1486049876, 121
1486049886, 125
1486049897, 149
1486049907, 171
1486049917, 158
1486049927, 156
1486049938, 017
1486049948, 141
1486049958, 014
1486049969, 149
1486049979, 013
1486049989, 156
1486050000, 019
1486050010, 141
1486050020, 014
1486050030, 160
1486050041, 005
1486050051, 147
1486050061, 003
1486050072, 153
1486050082, 003
1486050092, 172
1486050103, 005
1486050113, 166
1486050123, 003
1486050133, 156
1486050144, 003
1486050154, 164
1486050164, 004
1486050175, 167
1486050185, 007
1486050195, 157
1486050205, 006
1486050216, 159
1486050226, 001
1486050236, 163
1486050247, 003
1486050257, 172
1486050267, 003
1486050278, 171
1486050288, 004
1486050298, 160
1486050308, 003
1486050319, 004
1486050329, 005
1486050339, 005
1486050350, 002
1486050360, 002
1486050370, 020
1486050381, 013
1486050391, 015
1486050401, 017
1486050411, 112
1486050422, 140
1486050432, 088
1486050442, 019
1486050453, 139
1486050463, 114
1486050473, 118
1486050484, 122
1486050494, 115
1486050504, 124
1486050514, 117
1486050525, 126
1486050535, 126
1486050545, 129
1486050556, 144
1486050566, 144
1486050576, 139
1486050587, 145
1486050597, 157
1486050607, 141
1486050617, 135
1486050628, 134
1486050638, 134
1486050648, 147
1486050659, 138
1486050669, 006
1486050679, 007
1486050690, 146
1486050700, 134
1486050710, 171
1486050720, 150
1486050731, 002
1486050741, 167
1486050751, 009
1486050762, 166
1486050772, 178
1486050782, 002
1486050792, 177
