1485775858, 001
1485775868, 005
1485775879, 058
1485775889, 004
1485775899, 002
1485775909, 002
1485775920, 186
1485775930, 002
1485775940, 152
1485775951, 161
1485775961, 003
1485775971, 159
1485775982, 003
1485776002, 158
1485776012, 142
1485776023, 004
1485776033, 168
1485776043, 181
1485776054, 003
1485776064, 163
1485776074, 004
1485776085, 166
1485776095, 176
1485776105, 002
1485776115, 179
1485776126, 003
1485776136, 175
1485776146, 002
1485776157, 174
1485776167, 006
1485776177, 164
1485776188, 163
1485776198, 001
1485776208, 163
1485776218, 002
1485776229, 168
1485776239, 164
1485776249, 002
1485776260, 161
1485776270, 003
1485776280, 167
1485776291, 164
1485776301, 003
1485776311, 161
1485776321, 168
1485776332, 163
1485776342, 002
1485776352, 162
1485776363, 003
1485776383, 177
1485776394, 001
1485776404, 158
1485776414, 002
1485776424, 157
1485776435, 280
1485776445, 272
1485776455, 278
1485776466, 236
1485776476, 241
1485776486, 256
1485776497, 269
1485776507, 280
1485776517, 235
1485776527, 242
1485776538, 274
1485776548, 236
1485776558, 244
1485776569, 246
1485776579, 270
1485776589, 244
1485776600, 272
1485776610, 244
1485776620, 274
1485776631, 240
1485776641, 271
1485776651, 261
1485776661, 261
1485776672, 241
1485776682, 290
1485776692, 243
1485776703, 287
1485776713, 267
1485776723, 277
1485776734, 256
1485776744, 303
1485776754, 260
1485776764, 296
1485776775, 245
1485776785, 276
1485776795, 244
1485776806, 254
1485776816, 272
1485776826, 262
1485776837, 241
1485776847, 268
1485776857, 250
1485776867, 258
1485776878, 235
1485776888, 283
1485776898, 275
1485776909, 309
1485776919, 263
1485776929, 304
1485776940, 237
1485776950, 246
1485776960, 284
1485776970, 294
1485776981, 275
1485776991, 237
1485777001, 233
1485777012, 240
1485777022, 236
1485777032, 236
1485777043, 242
1485777053, 235
1485777063, 238
1485777073, 277
1485777084, 277
1485777094, 276
1485777104, 274
1485777115, 279
1485777125, 253
1485777135, 247
1485777146, 250
1485777156, 240
1485777166, 254
1485777176, 232
1485777187, 259
1485777197, 231
1485777207, 251
1485777218, 246
1485777228, 271
1485777238, 238
1485777249, 264
1485777259, 254
1485777269, 306
1485777279, 233
1485777290, 272
1485777300, 275
1485777310, 295
1485777321, 273
1485777331, 286
1485777341, 015
1485777352, 144
1485777362, 015
1485777372, 147
1485777382, 016
1485777393, 018
1485777403, 166
1485777413, 125
1485777424, 097
1485777434, 161
1485777444, 122
1485777455, 108
1485777465, 148
1485777475, 130
1485777485, 128
1485777496, 151
1485777506, 015
1485777516, 126
1485777527, 117
1485777537, 117
1485777547, 109
1485777558, 119
1485777568, 137
1485777578, 127
1485777588, 127
1485777599, 130
1485777609, 140
1485777619, 122
1485777630, 129
1485777640, 118
1485777650, 018
1485777661, 014
1485777671, 020
1485777681, 002
1485777691, 008
1485777702, 004
1485777712, 166
1485777722, 003
1485777733, 152
1485777743, 155
1485777753, 001
1485777764, 002
1485777774, 159
1485777784, 167
1485777795, 004
1485777805, 175
1485777815, 003
1485777836, 002
1485777846, 171
1485777856, 155
1485777867, 003
1485777877, 161
1485777887, 164
1485777898, 181
1485777908, 002
1485777918, 176
1485777928, 163
1485777939, 005
1485777949, 158
1485777959, 002
1485777970, 161
1485777980, 169
1485777990, 002
1485778001, 158
1485778011, 002
1485778021, 166
1485778031, 177
1485778042, 002
1485778052, 160
1485778062, 001
1485778073, 175
1485778083, 162
1485778093, 003
1485778104, 000
1485778114, 176
1485778124, 176
1485778134, 002
1485778145, 175
1485778155, 002
1485778165, 162
1485778176, 155
1485778186, 002
1485778196, 261
1485778207, 239
1485778217, 250
1485778227, 258
1485778237, 238
1485778248, 257
1485778258, 265
1485778268, 292
1485778279, 286
1485778289, 241
1485778299, 250
1485778310, 273
1485778320, 275
1485778330, 291
1485778341, 261
1485778351, 253
1485778361, 240
1485778371, 294
1485778382, 243
1485778392, 276
1485778402, 280
1485778413, 244
1485778423, 250
1485778433, 257
1485778444, 239
1485778454, 265
1485778464, 258
1485778474, 258
1485778485, 253
1485778495, 236
1485778505, 248
1485778516, 237
1485778526, 263
1485778536, 264
1485778547, 241
1485778557, 259
1485778567, 237
1485778577, 250
1485778588, 250
1485778598, 233
1485778608, 261
1485778619, 264
1485778629, 262
1485778639, 283
1485778650, 234
1485778660, 308
1485778670, 270
1485778680, 257
1485778691, 258
1485778701, 264
1485778711, 263
1485778722, 241
1485778732, 259
1485778742, 289
1485778753, 242
1485778763, 269
1485778773, 245
1485778783, 254
1485778794, 295
1485778804, 232
1485778814, 242
1485778825, 232
1485778835, 251
1485778845, 253
1485778856, 241
1485778866, 254
1485778876, 272
1485778887, 295
1485778897, 252
1485778907, 263
1485778917, 249
1485778928, 275
1485778938, 287
1485778948, 254
1485778959, 235
1485778969, 248
1485778979, 240
1485778990, 249
1485779000, 301
1485779010, 273
1485779020, 277
1485779031, 239
1485779041, 267
1485779051, 295
1485779062, 235
1485779072, 278
1485779082, 235
1485779093, 249
1485779103, 266
1485779113, 259
1485779123, 269
1485779134, 236
1485779144, 299
1485779154, 249
1485779165, 272
1485779175, 256
1485779185, 240
1485779196, 281
1485779206, 249
1485779216, 252
1485779226, 263
1485779237, 274
1485779247, 262
1485779257, 268
1485779268, 250
1485779278, 247
1485779288, 263
1485779299, 250
1485779309, 278
1485779319, 239
1485779329, 251
1485779340, 233
1485779350, 293
1485779360, 256
1485779371, 277
1485779381, 257
1485779391, 273
1485779402, 272
1485779412, 261
1485779422, 001
1485779432, 168
1485779443, 005
1485779453, 155
1485779463, 155
1485779474, 161
1485779484, 175
1485779494, 002
1485779500, 20
1485779505, 154
1485779515, 158
1485779525, 136
1485779535, 156
1485779546, 003
1485779556, 162
1485779566, 154
1485779577, 154
1485779587, 158
1485779597, 002
1485779608, 151
1485779618, 159
1485779628, 170
1485779639, 174
1485779649, 003
1485779659, 167
1485779669, 001
1485779680, 156
1485779690, 163
1485779700, 002
1485779711, 154
1485779721, 001
1485779752, 127
1485779762, 155
1485779772, 007
1485779783, 160
1485779793, 156
1485779803, 147
1485779814, 153
1485779824, 005
1485779834, 173
1485779845, 170
1485779855, 180
1485779865, 171
1485779875, 003
1485779886, 164
1485779896, 171
1485779906, 157
1485779917, 158
1485779927, 002
1485779937, 169
1485779948, 157
1485779958, 151
1485779968, 162
1485779979, 004
1485779989, 153
1485779999, 158
1485780009, 002
1485780020, 172
1485780030, 157
1485780040, 003
1485780051, 161
1485780061, 006
1485780082, 002
1485780092, 157
1485780102, 002
1485780112, 167
1485780123, 155
1485780133, 002
1485780143, 168
1485780154, 002
1485780164, 175
1485780174, 003
1485780185, 166
1485780195, 151
1485780205, 154
1485780226, 002
1485780236, 157
1485780246, 002
1485780257, 163
1485780267, 002
1485780277, 163
1485780288, 167
1485780298, 164
1485780308, 158
1485780318, 002
1485780329, 151
1485780339, 002
1485780349, 170
1485780360, 166
1485780370, 002
1485780380, 163
1485780391, 001
1485780401, 154
1485780411, 003
1485780421, 157
1485780432, 003
1485780442, 168
1485780452, 168
1485780463, 002
1485780473, 171
1485780483, 002
1485780494, 148
1485780504, 156
1485780514, 005
1485780525, 155
1485780535, 002
1485780545, 157
1485780555, 001
1485780566, 173
1485780576, 005
1485780586, 170
1485780597, 162
1485780607, 003
1485780617, 156
1485780628, 005
1485780638, 168
1485780648, 004
1485780658, 177
1485780669, 173
1485780679, 161
1485780689, 160
1485780700, 004
1485780710, 162
1485780720, 002
1485780731, 168
1485780741, 167
1485780751, 002
1485780761, 169
1485780772, 005
1485780782, 157
1485780792, 003
1485780803, 158
1485780813, 156
1485780823, 157
1485780834, 152
1485780844, 002
1485780854, 156
1485780864, 002
1485780875, 149
1485780885, 001
1485780895, 164
1485780906, 125
1485780916, 002
1485780926, 151
1485780937, 001
1485780947, 173
1485780957, 005
1485780967, 169
1485780978, 173
1485780988, 002
1485780998, 166
1485781009, 005
1485781019, 155
1485781029, 006
1485781040, 156
1485781050, 167
1485781060, 157
1485781071, 157
1485781081, 002
1485781091, 154
1485781101, 002
1485781112, 167
1485781122, 163
1485781132, 004
1485781143, 173
1485781153, 001
1485781163, 159
1485781174, 005
1485781184, 161
1485781194, 154
1485781204, 160
1485781215, 152
1485781225, 002
1485781235, 157
1485781246, 004
1485781256, 148
1485781266, 154
1485781277, 005
1485781287, 157
1485781297, 004
1485781307, 162
1485781318, 002
1485781328, 160
1485781338, 157
1485781349, 160
1485781359, 157
1485781369, 005
1485781380, 147
1485781390, 016
1485781400, 148
1485781411, 139
1485781421, 015
1485781431, 125
1485781441, 162
1485781452, 137
1485781462, 134
1485781472, 141
1485781483, 138
1485781493, 017
1485781503, 152
1485781514, 018
1485781524, 155
1485781534, 015
1485781544, 157
1485781555, 017
1485781565, 157
1485781575, 016
1485781586, 152
1485781596, 017
1485781606, 151
1485781617, 003
1485781627, 155
1485781637, 002
1485781647, 001
1485781658, 000
1485781668, 167
1485781678, 004
1485781689, 003
1485781699, 002
1485781709, 077
1485781720, 002
1485781730, 002
1485781740, 002
1485781750, 001
1485781761, 004
1485781771, 001
1485781781, 002
1485781792, 004
1485781802, 002
1485781812, 006
1485781823, 004
1485781833, 002
1485781843, 005
1485781854, 002
1485781864, 149
1485781874, 003
1485781884, 001
1485781895, 004
1485781905, 174
1485781915, 002
1485781926, 174
1485781936, 001
1485781946, 148
1485781957, 016
1485781967, 155
1485781977, 020
1485781987, 145
1485781998, 156
1485782008, 015
1485782018, 114
1485782029, 118
1485782039, 014
1485782049, 132
1485782060, 129
1485782070, 012
1485782080, 125
1485782090, 120
1485782101, 121
1485782111, 113
1485782121, 126
1485782132, 125
1485782142, 127
1485782152, 119
1485782163, 120
1485782173, 137
1485782183, 134
1485782193, 145
1485782204, 149
1485782214, 156
1485782224, 155
1485782235, 135
1485782245, 137
1485782255, 136
1485782266, 152
1485782276, 138
1485782286, 139
1485782296, 002
1485782307, 004
1485782317, 140
1485782327, 002
1485782338, 152
1485782348, 154
1485782358, 005
1485782369, 157
1485782379, 006
1485782389, 164
1485782399, 003
1485782410, 173
1485782420, 186
1485782430, 182
1485782441, 161
1485782451, 003
1485782461, 170
1485782472, 002
1485782482, 166
1485782502, 002
1485782513, 164
1485782523, 003
1485782533, 166
1485782544, 002
1485782554, 164
1485782564, 004
1485782575, 162
1485782585, 160
1485782595, 003
1485782605, 176
1485782616, 006
1485782626, 173
1485782636, 017
1485782647, 169
1485782657, 153
1485782667, 148
1485782678, 148
1485782688, 015
1485782698, 151
1485782708, 127
1485782719, 016
1485782729, 139
1485782739, 136
1485782750, 099
1485782760, 103
1485782770, 107
1485782781, 015
1485782791, 120
1485782801, 118
1485782811, 014
1485782822, 125
1485782832, 120
1485782842, 017
1485782853, 121
1485782863, 125
1485782873, 162
1485782884, 120
1485782894, 137
1485782904, 129
1485782914, 145
1485782925, 137
1485782935, 143
1485782945, 150
1485782956, 141
1485782966, 148
1485782976, 155
1485782987, 156
1485782997, 154
1485783007, 152
1485783017, 004
1485783028, 002
1485783038, 002
1485783048, 164
1485783059, 126
1485783069, 163
1485783079, 174
1485783090, 006
1485783100, 177
1485783110, 005
1485783120, 152
1485783131, 156
1485783141, 002
1485783151, 176
1485783162, 002
1485783172, 173
1485783182, 004
1485783193, 187
1485783203, 004
1485783213, 182
1485783223, 173
1485783234, 002
1485783244, 176
1485783254, 004
1485783265, 168
1485783275, 004
1485783285, 180
1485783296, 185
1485783306, 149
1485783316, 181
1485783326, 002
1485783337, 187
1485783347, 005
1485783368, 169
1485783378, 002
1485783388, 162
1485783399, 015
1485783409, 168
1485783419, 017
1485783429, 167
1485783440, 016
1485783450, 159
1485783460, 152
1485783471, 111
1485783481, 129
1485783491, 016
1485783501, 133
1485783512, 103
1485783522, 013
1485783532, 090
1485783543, 110
1485783553, 017
1485783563, 151
1485783574, 089
1485783584, 118
1485783594, 144
1485783605, 128
1485783615, 107
1485783625, 164
1485783635, 101
1485783646, 131
1485783656, 151
1485783666, 121
1485783677, 114
1485783687, 126
1485783697, 111
1485783708, 141
1485783718, 129
1485783728, 133
1485783738, 145
1485783749, 150
1485783759, 160
1485783769, 167
1485783780, 156
1485783790, 152
1485783800, 159
1485783811, 146
1485783821, 161
1485783831, 158
1485783841, 146
1485783852, 161
1485783862, 146
1485783872, 020
1485783883, 014
1485783893, 020
1485783903, 017
1485783913, 025
1485783924, 134
1485783934, 120
1485783944, 132
1485783955, 136
1485783965, 150
1485783975, 141
1485783986, 145
1485784006, 156
1485784016, 169
1485784027, 164
1485784037, 163
1485784047, 156
1485784058, 155
1485784068, 152
1485784078, 018
1485784089, 016
1485784099, 016
1485784109, 015
1485784119, 018
1485784130, 143
1485784140, 015
1485784150, 017
1485784161, 017
1485784171, 017
1485784181, 018
1485784192, 002
1485784202, 003
1485784212, 005
1485784222, 003
1485784233, 002
1485784243, 002
1485784253, 003
1485784264, 001
1485784274, 002
1485784284, 004
1485784295, 002
1485784305, 003
1485784315, 002
1485784325, 003
1485784336, 001
1485784346, 002
1485784356, 003
1485784367, 000
1485784377, 001
1485784387, 003
1485784398, 003
1485784408, 001
1485784418, 001
1485784428, 002
1485784439, 002
1485784449, 002
1485784459, 004
1485784470, 006
1485784480, 000
1485784490, 003
1485784501, 007
1485784511, 006
1485784521, 002
1485784531, 002
1485784542, 004
1485784552, 004
1485784562, 000
1485784573, 005
1485784583, 005
1485784593, 003
1485784604, 003
1485784614, 001
1485784624, 003
1485784634, 003
1485784645, 003
1485784655, 002
1485784665, 002
1485784676, 005
1485784686, 002
1485784696, 004
1485784707, 000
1485784717, 005
1485784727, 001
1485784737, 002
1485784748, 002
1485784758, 004
1485784768, 001
1485784779, 003
1485784789, 002
1485784799, 002
1485784810, 004
1485784820, 002
1485784830, 001
1485784840, 002
1485784851, 001
1485784861, 003
1485784871, 002
1485784882, 004
1485784892, 003
1485784902, 004
1485784913, 003
1485784923, 006
1485784933, 003
1485784943, 002
1485784954, 003
1485784964, 002
1485784974, 001
1485784985, 003
1485784995, 003
1485785005, 003
1485785016, 002
1485785026, 003
1485785036, 002
1485785046, 002
1485785057, 004
1485785067, 003
1485785077, 001
1485785088, 004
1485785098, 002
1485785108, 004
1485785119, 006
1485785129, 002
1485785139, 008
1485785149, 002
1485785160, 003
1485785170, 005
1485785180, 005
1485785191, 001
1485785201, 002
1485785211, 003
1485785222, 001
1485785232, 001
1485785242, 003
1485785252, 003
