1485156362, 001
1485156373, 001
1485156383, 002
1485156393, 004
1485156403, 002
1485156414, 003
1485156424, 175
1485156434, 002
1485156445, 149
1485156455, 167
1485156465, 003
1485156476, 183
1485156486, 169
1485156496, 158
1485156506, 002
1485156517, 186
1485156527, 001
1485156537, 167
1485156548, 173
1485156558, 001
1485156568, 169
1485156579, 001
1485156589, 173
1485156599, 169
1485156609, 002
1485156620, 183
1485156630, 003
1485156640, 175
1485156651, 002
1485156661, 103
1485156671, 002
1485156682, 166
1485156692, 178
1485156702, 003
1485156712, 187
1485156723, 002
1485156733, 171
1485156743, 159
1485156754, 001
1485156764, 174
1485156774, 002
1485156785, 193
1485156795, 002
1485156805, 182
1485156815, 003
1485156826, 187
1485156836, 181
1485156846, 003
1485156857, 177
1485156867, 002
1485156877, 180
1485156888, 183
1485156898, 001
1485156908, 156
1485156918, 004
1485156929, 003
1485156939, 276
1485156949, 271
1485156960, 237
1485156970, 240
1485156980, 240
1485156991, 280
1485157001, 244
1485157011, 273
1485157021, 252
1485157032, 270
1485157042, 254
1485157052, 247
1485157063, 310
1485157073, 248
1485157083, 281
1485157094, 269
1485157104, 263
1485157114, 279
1485157124, 304
1485157135, 237
1485157145, 306
1485157155, 268
1485157166, 308
1485157176, 243
1485157186, 308
1485157197, 239
1485157207, 304
1485157217, 273
1485157227, 292
1485157238, 236
1485157248, 251
1485157258, 243
1485157269, 312
1485157279, 247
1485157289, 277
1485157300, 271
1485157310, 246
1485157320, 270
1485157331, 238
1485157341, 276
1485157351, 258
1485157361, 237
1485157372, 273
1485157382, 257
1485157392, 240
1485157403, 274
1485157413, 245
1485157423, 261
1485157434, 251
1485157444, 245
1485157454, 269
1485157464, 311
1485157475, 272
1485157485, 288
1485157495, 268
1485157506, 309
1485157516, 267
1485157526, 304
1485157537, 244
1485157547, 260
1485157557, 271
1485157567, 297
1485157578, 243
1485157588, 258
1485157598, 246
1485157609, 299
1485157619, 275
1485157629, 270
1485157640, 239
1485157650, 297
1485157660, 238
1485157670, 295
1485157681, 246
1485157691, 274
1485157701, 239
1485157712, 266
1485157722, 272
1485157732, 236
1485157743, 238
1485157753, 239
1485157763, 238
1485157773, 276
1485157784, 272
1485157794, 246
1485157804, 242
1485157815, 274
1485157825, 259
1485157835, 242
1485157846, 286
1485157856, 241
1485157866, 263
1485157876, 240
1485157887, 310
1485157897, 242
1485157907, 301
1485157918, 014
1485157928, 162
1485157938, 014
1485157949, 158
1485157959, 012
1485157969, 156
1485157979, 161
1485157990, 118
1485158000, 014
1485158010, 151
1485158021, 117
1485158031, 103
1485158041, 152
1485158052, 114
1485158062, 123
1485158072, 167
1485158082, 110
1485158093, 116
1485158103, 158
1485158113, 114
1485158124, 129
1485158134, 154
1485158144, 112
1485158155, 107
1485158165, 142
1485158175, 129
1485158185, 130
1485158196, 123
1485158206, 119
1485158216, 122
1485158227, 012
1485158237, 014
1485158247, 013
1485158258, 002
1485158268, 002
1485158278, 002
1485158288, 155
1485158299, 006
1485158309, 162
1485158319, 168
1485158330, 001
1485158340, 157
1485158350, 002
1485158361, 161
1485158371, 001
1485158381, 158
1485158392, 001
1485158402, 156
1485158412, 167
1485158422, 161
1485158433, 001
1485158443, 001
1485158453, 177
1485158464, 163
1485158474, 001
1485158484, 002
1485158495, 164
1485158505, 162
1485158515, 002
1485158525, 181
1485158536, 157
1485158546, 169
1485158556, 162
1485158567, 002
1485158577, 170
1485158587, 001
1485158598, 164
1485158608, 176
1485158618, 004
1485158639, 005
1485158649, 163
1485158659, 170
1485158670, 001
1485158680, 177
1485158690, 177
1485158701, 188
1485158711, 001
1485158721, 164
1485158731, 002
1485158742, 183
1485158752, 186
1485158762, 001
1485158773, 280
1485158783, 236
1485158793, 260
1485158804, 291
1485158814, 277
1485158824, 258
1485158834, 243
1485158845, 302
1485158855, 266
1485158865, 262
1485158876, 255
1485158886, 297
1485158896, 307
1485158907, 264
1485158917, 295
1485158927, 239
1485158937, 247
1485158948, 242
1485158958, 283
1485158968, 299
1485158979, 275
1485158989, 269
1485158999, 242
1485159010, 248
1485159020, 242
1485159030, 291
1485159040, 262
1485159051, 243
1485159061, 304
1485159071, 242
1485159082, 299
1485159092, 273
1485159102, 253
1485159113, 246
1485159123, 313
1485159133, 262
1485159143, 275
1485159154, 256
1485159164, 268
1485159174, 258
1485159185, 242
1485159195, 271
1485159205, 270
1485159215, 233
1485159226, 294
1485159236, 270
1485159246, 250
1485159257, 272
1485159267, 246
1485159277, 267
1485159288, 239
1485159298, 288
1485159308, 262
1485159318, 256
1485159329, 242
1485159339, 285
1485159349, 265
1485159360, 271
1485159370, 290
1485159380, 241
1485159391, 266
1485159401, 262
1485159411, 298
1485159421, 241
1485159432, 279
1485159442, 264
1485159452, 271
1485159463, 291
1485159473, 262
1485159483, 286
1485159494, 273
1485159504, 251
1485159514, 266
1485159524, 230
1485159535, 296
1485159545, 261
1485159555, 251
1485159566, 270
1485159576, 256
1485159586, 242
1485159597, 306
1485159607, 302
1485159617, 262
1485159627, 246
1485159638, 273
1485159648, 265
1485159658, 235
1485159669, 284
1485159679, 285
1485159689, 280
1485159700, 274
1485159710, 278
1485159720, 262
1485159730, 237
1485159741, 264
1485159751, 256
1485159761, 234
1485159772, 283
1485159782, 275
1485159792, 304
1485159803, 267
1485159813, 253
1485159823, 239
1485159833, 256
1485159844, 247
1485159854, 232
1485159864, 260
1485159875, 272
1485159885, 295
1485159895, 238
1485159906, 268
1485159916, 261
1485159926, 281
1485159937, 283
1485159947, 268
1485159957, 275
1485159967, 267
1485159978, 297
1485159988, 274
1485159998, 294
1485160009, 286
1485160019, 251
1485160029, 258
1485160040, 264
1485160050, 300
1485160060, 262
1485160070, 286
1485160081, 258
1485160091, 239
1485160101, 298
1485160112, 233
1485160122, 298
1485160132, 238
1485160143, 270
1485160153, 265
1485160163, 257
1485160173, 286
1485160184, 273
1485160194, 258
1485160204, 240
1485160215, 264
1485160225, 267
1485160235, 294
1485160246, 254
1485160256, 254
1485160266, 296
1485160276, 274
1485160287, 298
1485160297, 273
1485160307, 293
1485160318, 300
1485160328, 271
1485160338, 293
1485160349, 246
1485160359, 290
1485160369, 269
1485160379, 286
1485160390, 263
1485160400, 291
1485160410, 297
1485160421, 271
1485160431, 289
1485160441, 273
1485160452, 253
1485160462, 238
1485160472, 262
1485160482, 248
1485160493, 266
1485160503, 258
1485160513, 246
1485160524, 291
1485160534, 240
1485160544, 288
1485160555, 289
1485160565, 238
1485160575, 247
1485160585, 260
1485160596, 254
1485160606, 270
1485160616, 301
1485160627, 242
1485160637, 291
1485160647, 259
1485160658, 269
1485160668, 255
1485160678, 269
1485160688, 262
1485160699, 269
1485160709, 278
1485160719, 280
1485160730, 268
1485160740, 267
1485160750, 230
1485160761, 244
1485160771, 267
1485160781, 290
1485160791, 255
1485160802, 238
1485160812, 261
1485160822, 240
1485160833, 285
1485160843, 239
1485160853, 255
1485160864, 260
1485160874, 281
1485160884, 272
1485160894, 229
1485160905, 294
1485160915, 234
1485160925, 259
1485160936, 257
1485160946, 277
1485160956, 248
1485160967, 255
1485160977, 294
1485160987, 272
1485160997, 284
1485161008, 236
1485161018, 248
1485161028, 245
1485161039, 236
1485161049, 261
1485161059, 239
1485161070, 260
1485161080, 249
1485161090, 259
1485161100, 231
1485161111, 258
1485161121, 289
1485161131, 269
1485161142, 297
1485161152, 272
1485161162, 250
1485161173, 239
1485161183, 253
1485161193, 294
1485161203, 258
1485161214, 260
1485161224, 239
1485161234, 253
1485161245, 236
1485161255, 261
1485161265, 270
1485161276, 255
1485161286, 253
1485161296, 239
1485161306, 257
1485161317, 249
1485161327, 293
1485161337, 270
1485161348, 284
1485161358, 255
1485161368, 230
1485161379, 287
1485161389, 271
1485161399, 260
1485161409, 236
1485161420, 266
1485161430, 279
1485161440, 289
1485161451, 294
1485161461, 259
1485161471, 299
1485161482, 231
1485161492, 261
1485161502, 258
1485161512, 246
1485161523, 255
1485161533, 235
1485161543, 251
1485161554, 238
1485161564, 248
1485161574, 238
1485161585, 254
1485161595, 256
1485161605, 239
1485161615, 294
1485161626, 002
1485161636, 156
1485161646, 002
1485161657, 171
1485161667, 172
1485161677, 172
1485161688, 166
1485161698, 001
1485161708, 160
1485161718, 004
1485161739, 002
1485161749, 140
1485161770, 002
1485161780, 169
1485161791, 001
1485161801, 171
1485161811, 002
1485161821, 155
1485161832, 157
1485161842, 005
1485161852, 155
1485161863, 003
1485161873, 155
1485161883, 001
1485161894, 175
1485161904, 166
1485161914, 153
1485161924, 164
1485161935, 002
1485161945, 157
1485161955, 000
1485161966, 156
1485161976, 002
1485161986, 158
1485161997, 002
1485162007, 179
1485162017, 000
1485162027, 160
1485162038, 001
1485162048, 174
1485162058, 000
