1485077199, 114
1485077209, 013
1485077220, 125
1485077230, 109
1485077240, 124
1485077251, 111
1485077261, 116
1485077271, 124
1485077281, 143
1485077292, 149
1485077302, 138
1485077312, 143
1485077323, 153
1485077333, 151
1485077343, 135
1485077354, 001
1485077364, 001
1485077374, 001
1485077384, 158
1485077395, 155
1485077405, 001
1485077415, 156
1485077426, 158
1485077436, 003
1485077446, 001
1485077457, 160
1485077467, 179
1485077477, 000
1485077488, 002
1485077498, 163
1485077508, 163
1485077518, 001
1485077529, 161
1485077539, 177
1485077549, 001
1485077560, 004
1485077570, 167
1485077580, 161
1485077591, 145
1485077601, 006
1485077621, 189
1485077632, 001
1485077642, 011
1485077652, 160
1485077663, 013
1485077673, 012
1485077683, 144
1485077694, 172
1485077704, 157
1485077714, 014
1485077724, 122
1485077735, 113
1485077745, 012
1485077755, 123
1485077766, 117
1485077776, 118
1485077786, 117
1485077797, 112
1485077807, 119
1485077817, 123
1485077827, 126
1485077838, 125
1485077848, 128
1485077858, 130
1485077869, 133
1485077879, 136
1485077889, 145
1485077900, 144
1485077910, 135
1485077920, 135
1485077931, 134
1485077941, 001
1485077951, 002
1485077961, 001
1485077972, 139
1485077982, 136
1485077992, 001
1485078003, 160
1485078013, 147
1485078023, 002
1485078034, 002
1485078044, 158
1485078064, 002
1485078075, 001
1485078085, 166
1485078095, 191
1485078106, 000
1485078116, 177
1485078126, 159
1485078137, 001
1485078147, 002
1485078157, 161
1485078167, 193
1485078178, 001
1485078188, 000
1485078198, 178
1485078209, 160
1485078219, 001
1485078229, 081
1485078240, 175
1485078250, 001
1485078260, 000
1485078271, 156
1485078281, 147
1485078291, 153
1485078301, 014
1485078312, 166
1485078322, 147
1485078332, 013
1485078343, 117
1485078353, 115
1485078363, 119
1485078374, 117
1485078384, 108
1485078394, 120
1485078404, 117
1485078415, 116
1485078425, 111
1485078435, 136
1485078446, 134
1485078456, 132
1485078466, 013
1485078477, 013
1485078487, 009
1485078497, 144
1485078507, 102
1485078518, 013
1485078528, 142
1485078538, 118
1485078549, 129
1485078559, 124
1485078569, 115
1485078580, 135
1485078590, 120
1485078600, 117
1485078610, 128
1485078621, 125
1485078631, 136
1485078641, 144
1485078652, 141
1485078662, 157
1485078672, 162
1485078683, 153
1485078693, 150
1485078703, 151
1485078713, 151
1485078724, 012
1485078734, 011
1485078744, 013
1485078755, 012
1485078765, 124
1485078775, 012
1485078786, 127
1485078796, 011
1485078806, 137
1485078816, 012
1485078827, 001
1485078837, 001
1485078847, 001
1485078858, 002
1485078868, 000
1485078878, 001
1485078889, 000
1485078899, 001
1485078909, 000
1485078919, 001
1485078930, 001
1485078940, 001
1485078950, 001
1485078961, 001
1485078971, 002
1485078981, 001
1485078992, 002
1485079002, 002
1485079012, 000
1485079023, 002
1485079033, 003
1485079043, 001
1485079053, 001
1485079064, 001
1485079074, 000
1485079084, 001
1485079095, 001
1485079105, 000
1485079115, 001
1485079126, 001
1485079136, 000
1485079146, 002
1485079156, 000
1485079167, 001
1485079177, 001
1485079187, 002
1485079198, 001
1485079208, 001
1485079218, 000
1485079229, 000
1485079239, 000
1485079249, 001
1485079259, 001
1485079270, 001
1485079280, 001
1485079290, 000
1485079301, 000
1485079311, 001
1485079321, 001
1485079332, 002
1485079342, 001
1485079352, 001
1485079362, 001
1485079373, 001
1485079383, 001
1485079393, 001
1485079404, 001
1485079414, 001
1485079424, 000
1485079435, 000
1485079445, 001
1485079455, 000
1485079465, 000
1485079476, 001
1485079486, 001
1485079496, 000
1485079507, 001
1485079517, 001
1485079527, 000
1485079538, 001
1485079548, 001
1485079558, 003
1485079568, 003
1485079579, 004
1485079589, 003
1485079599, 001
1485079610, 000
1485079620, 001
1485079630, 000
1485079641, 001
1485079651, 001
1485079661, 001
1485079671, 000
1485079682, 000
1485079692, 001
1485079702, 001
1485079713, 002
1485079723, 001
1485079733, 001
1485079744, 001
1485079754, 001
1485079764, 001
1485079774, 000
1485079785, 000
1485079795, 001
1485079805, 001
1485079816, 000
1485079826, 001
1485079836, 001
1485079847, 002
1485079857, 000
1485079867, 000
1485079877, 000
1485079888, 000
1485079898, 001
1485079908, 000
1485079919, 000
1485079929, 001
1485079939, 001
1485079950, 000
1485079960, 000
1485079970, 000
1485079980, 000
1485079991, 000
1485080001, 001
1485080011, 001
1485080022, 000
1485080032, 001
1485080042, 001
1485080053, 000
1485080063, 001
1485080073, 000
1485080084, 001
1485080094, 002
1485080104, 013
1485080114, 013
1485080125, 013
1485080135, 013
1485080145, 014
1485080156, 013
1485080166, 135
1485080176, 127
1485080187, 111
1485080197, 127
1485080207, 119
1485080217, 153
1485080228, 129
1485080238, 119
1485080248, 130
1485080259, 129
1485080269, 127
1485080279, 131
1485080290, 144
1485080300, 135
1485080310, 138
1485080320, 154
1485080331, 147
1485080341, 143
1485080351, 136
1485080362, 137
1485080372, 143
1485080382, 152
1485080393, 137
1485080403, 138
1485080413, 158
1485080423, 169
1485080434, 152
1485080454, 152
1485080465, 153
1485080475, 163
1485080485, 163
1485080496, 151
1485080506, 013
1485080516, 013
1485080526, 013
1485080537, 012
1485080547, 012
1485080557, 012
1485080568, 012
1485080578, 012
1485080588, 013
1485080599, 014
1485080609, 012
1485080619, 013
1485080630, 001
1485080640, 000
1485080650, 000
1485080660, 000
1485080671, 001
1485080681, 000
1485080691, 001
1485080702, 000
1485080712, 000
1485080722, 001
1485080733, 000
1485080743, 001
1485080753, 002
1485080763, 000
1485080774, 000
1485080784, 000
1485080794, 001
1485080805, 000
1485080815, 000
1485080825, 000
1485080836, 000
1485080846, 000
1485080856, 000
1485080866, 000
1485080877, 000
