1485767224, 016
1485767235, 017
1485767245, 016
1485767255, 015
1485767266, 145
1485767276, 132
1485767286, 124
1485767297, 127
1485767307, 130
1485767317, 141
1485767328, 127
1485767338, 131
1485767348, 136
1485767358, 124
1485767369, 131
1485767379, 143
1485767389, 151
1485767400, 145
1485767410, 155
1485767420, 167
1485767431, 142
1485767441, 139
1485767451, 159
1485767461, 146
1485767472, 156
1485767482, 139
1485767492, 156
1485767503, 140
1485767513, 155
1485767523, 159
1485767534, 167
1485767544, 156
1485767554, 158
1485767564, 171
1485767575, 152
1485767585, 161
1485767595, 169
1485767606, 154
1485767616, 015
1485767626, 016
1485767637, 017
1485767647, 016
1485767657, 018
1485767668, 141
1485767678, 021
1485767688, 015
1485767698, 016
1485767709, 145
1485767719, 015
1485767729, 001
1485767740, 003
1485767750, 005
1485767760, 004
1485767771, 001
1485767781, 001
1485767791, 003
1485767801, 005
1485767812, 003
1485767822, 005
1485767832, 003
1485767843, 003
1485767853, 001
1485767863, 006
1485767874, 003
1485767884, 000
1485767894, 005
1485767905, 002
1485767915, 002
1485767925, 001
1485767935, 000
1485767946, 006
1485767956, 003
1485767966, 000
1485767977, 001
1485767987, 002
1485767997, 002
1485768008, 002
1485768018, 001
1485768028, 004
1485768038, 002
1485768049, 001
1485768059, 001
1485768069, 002
1485768080, 002
1485768090, 003
1485768100, 000
1485768111, 002
1485768121, 004
1485768131, 001
1485768142, 001
1485768152, 002
1485768162, 005
1485768172, 002
1485768183, 003
1485768193, 002
1485768203, 003
1485768214, 002
1485768224, 001
1485768234, 002
1485768245, 002
1485768255, 001
