1485762407, 140
1485762417, 134
1485762428, 154
1485762438, 148
1485762448, 155
1485762459, 158
1485762469, 148
1485762479, 147
1485762489, 137
1485762500, 005
1485762510, 001
1485762520, 003
1485762531, 162
1485762541, 154
1485762551, 003
1485762562, 180
1485762572, 153
1485762582, 007
1485762593, 001
1485762603, 186
1485762613, 161
1485762623, 001
1485762634, 002
1485762644, 169
1485762654, 185
1485762665, 002
1485762675, 181
1485762685, 182
1485762696, 001
1485762706, 000
1485762716, 172
1485762726, 192
1485762737, 135
1485762747, 002
1485762757, 160
1485762768, 184
1485762778, 004
1485762799, 172
1485762809, 004
1485762819, 002
1485762829, 172
1485762840, 174
1485762850, 000
1485762860, 001
1485762871, 179
1485762881, 166
1485762891, 016
1485762902, 154
1485762912, 157
1485762922, 020
1485762932, 013
1485762943, 160
1485762953, 135
1485762963, 129
1485762974, 126
1485762984, 129
1485762994, 145
1485763005, 125
1485763015, 122
1485763025, 135
1485763035, 122
1485763046, 143
1485763056, 149
1485763066, 141
1485763077, 162
1485763087, 156
1485763097, 158
1485763108, 146
1485763118, 142
1485763128, 007
1485763139, 004
1485763149, 002
1485763159, 155
1485763169, 151
1485763180, 007
1485763190, 162
1485763200, 149
1485763211, 002
1485763221, 004
1485763231, 162
1485763242, 188
1485763252, 005
1485763262, 004
1485763283, 186
1485763293, 005
1485763303, 169
1485763314, 181
1485763324, 007
1485763334, 001
1485763345, 174
1485763355, 172
1485763365, 149
1485763375, 006
1485763386, 191
1485763396, 177
1485763406, 003
1485763417, 013
1485763427, 153
1485763437, 015
1485763448, 013
1485763479, 142
1485763489, 105
1485763499, 116
1485763509, 159
1485763520, 125
1485763530, 134
1485763540, 160
1485763551, 117
1485763561, 114
1485763571, 147
1485763582, 145
1485763592, 134
1485763602, 148
1485763612, 121
1485763623, 118
1485763633, 162
1485763643, 119
1485763654, 134
1485763664, 135
1485763674, 123
1485763685, 143
1485763695, 145
1485763705, 140
1485763715, 156
1485763726, 148
1485763736, 154
1485763746, 146
1485763757, 140
1485763767, 153
1485763777, 006
1485763788, 003
1485763798, 002
1485763808, 152
1485763818, 003
1485763829, 004
1485763839, 152
1485763860, 003
1485763870, 149
1485763880, 147
1485763891, 007
1485763901, 007
1485763911, 156
1485763921, 001
1485763932, 004
1485763942, 169
1485763952, 193
1485763963, 003
1485763973, 003
1485763983, 176
1485763994, 168
1485764004, 005
1485764014, 182
1485764024, 181
1485764035, 002
1485764045, 001
1485764055, 161
1485764066, 175
1485764076, 003
1485764086, 002
1485764097, 168
1485764107, 169
1485764117, 019
1485764127, 015
1485764138, 162
1485764148, 014
1485764158, 015
1485764169, 148
1485764179, 150
1485764189, 121
1485764200, 118
1485764210, 134
1485764220, 124
1485764230, 137
1485764241, 134
1485764251, 129
1485764261, 131
1485764272, 128
1485764282, 146
1485764292, 124
1485764303, 127
1485764313, 015
1485764323, 015
1485764334, 132
1485764344, 117
1485764354, 128
1485764364, 118
1485764375, 129
1485764385, 130
1485764395, 131
1485764406, 121
1485764416, 124
1485764426, 139
1485764437, 147
1485764447, 134
1485764457, 150
1485764467, 150
1485764478, 151
1485764488, 157
1485764498, 143
1485764509, 144
1485764519, 156
1485764529, 016
1485764540, 014
1485764550, 016
1485764560, 020
1485764570, 137
1485764581, 014
1485764591, 135
1485764601, 019
1485764612, 127
1485764622, 015
1485764632, 001
1485764643, 004
1485764653, 001
1485764663, 002
1485764673, 003
1485764684, 003
1485764694, 002
1485764704, 003
1485764715, 005
1485764725, 001
1485764735, 005
1485764746, 004
1485764756, 002
1485764766, 003
1485764776, 003
1485764787, 005
1485764797, 002
1485764807, 002
1485764818, 004
1485764828, 004
1485764838, 001
1485764849, 004
1485764859, 002
1485764869, 001
1485764879, 002
1485764890, 004
1485764900, 006
1485764910, 003
1485764921, 000
1485764931, 001
1485764941, 003
1485764952, 003
1485764962, 005
1485764972, 004
1485764982, 003
1485764993, 000
1485765003, 001
1485765013, 009
1485765024, 001
1485765034, 001
1485765044, 004
1485765055, 002
1485765065, 002
1485765075, 002
1485765086, 002
1485765096, 001
1485765106, 001
1485765116, 002
1485765127, 003
1485765137, 003
1485765147, 002
1485765158, 005
1485765168, 004
1485765178, 003
1485765189, 003
1485765199, 001
1485765209, 003
1485765219, 003
1485765230, 004
1485765240, 003
1485765250, 006
1485765261, 002
1485765271, 001
1485765281, 004
1485765292, 002
1485765302, 002
1485765312, 005
1485765322, 003
1485765333, 003
1485765343, 000
1485765353, 005
1485765364, 002
1485765374, 003
1485765384, 003
1485765395, 004
1485765405, 002
1485765415, 002
1485765426, 002
1485765436, 002
1485765446, 004
1485765456, 002
1485765467, 001
1485765477, 003
1485765487, 002
1485765498, 002
1485765508, 002
1485765518, 003
1485765529, 003
1485765539, 002
1485765549, 002
1485765559, 005
1485765570, 002
1485765580, 003
1485765590, 003
1485765601, 003
1485765611, 003
1485765621, 003
1485765632, 004
1485765642, 004
1485765652, 005
1485765662, 002
1485765673, 003
1485765683, 004
1485765693, 001
1485765704, 002
1485765714, 004
1485765724, 002
1485765735, 001
1485765745, 005
1485765755, 003
1485765766, 001
1485765776, 004
1485765786, 001
1485765796, 003
1485765807, 005
1485765817, 003
1485765827, 001
1485765838, 003
1485765848, 003
1485765858, 003
1485765869, 002
1485765879, 003
1485765889, 003
1485765899, 007
1485765910, 002
1485765920, 002
1485765930, 001
1485765941, 002
1485765951, 002
1485765961, 002
1485765972, 004
1485765982, 002
1485765992, 004
1485766002, 003
1485766013, 002
1485766023, 002
1485766033, 002
1485766044, 002
1485766054, 002
1485766064, 001
1485766075, 001
1485766085, 002
1485766095, 002
1485766106, 001
1485766116, 004
1485766126, 004
1485766136, 002
1485766147, 002
1485766157, 003
1485766167, 005
1485766178, 004
1485766188, 001
1485766198, 001
1485766209, 002
1485766219, 003
1485766229, 003
1485766239, 003
1485766250, 002
1485766260, 005
1485766270, 002
1485766281, 002
1485766291, 002
1485766301, 001
1485766312, 005
1485766322, 002
1485766332, 006
1485766343, 001
1485766353, 004
1485766363, 001
1485766373, 002
1485766384, 005
1485766394, 001
1485766404, 005
1485766415, 004
1485766425, 001
1485766435, 002
1485766446, 002
1485766456, 002
1485766466, 005
1485766476, 002
1485766487, 002
1485766497, 001
1485766507, 004
1485766518, 002
1485766528, 002
1485766538, 000
1485766549, 003
1485766559, 003
